LECROYHDO6034,16324,Waveform
Segments,1,SegmentSize,1252
Segment,TrigTime,TimeSinceSegment1
#1,10-Jul-2024 13:26:50,0                 
Time,Ampl
-2.50124e-07,-0.0946
-2.49724e-07,-0.0948
-2.49324e-07,-0.0944
-2.48924e-07,-0.0944
-2.48524e-07,-0.0945
-2.48124e-07,-0.0946
-2.47724e-07,-0.0946
-2.47324e-07,-0.0946
-2.46924e-07,-0.095
-2.46524e-07,-0.095
-2.46124e-07,-0.095
-2.45724e-07,-0.095
-2.45324e-07,-0.0951
-2.44924e-07,-0.0951
-2.44524e-07,-0.0951
-2.44124e-07,-0.0954
-2.43724e-07,-0.0952
-2.43324e-07,-0.0952
-2.42924e-07,-0.0948
-2.42524e-07,-0.0952
-2.42124e-07,-0.095
-2.41724e-07,-0.095
-2.41324e-07,-0.0949
-2.40924e-07,-0.0947
-2.40524e-07,-0.0948
-2.40124e-07,-0.095
-2.39724e-07,-0.0945
-2.39324e-07,-0.0944
-2.38924e-07,-0.0941
-2.38524e-07,-0.0944
-2.38124e-07,-0.0943
-2.37724e-07,-0.0942
-2.37324e-07,-0.094
-2.36924e-07,-0.0942
-2.36524e-07,-0.0942
-2.36124e-07,-0.0944
-2.35724e-07,-0.0941
-2.35324e-07,-0.0945
-2.34924e-07,-0.0946
-2.34524e-07,-0.0946
-2.34124e-07,-0.0948
-2.33724e-07,-0.095
-2.33324e-07,-0.0948
-2.32924e-07,-0.0947
-2.32524e-07,-0.0948
-2.32124e-07,-0.0948
-2.31724e-07,-0.0946
-2.31324e-07,-0.0947
-2.30924e-07,-0.0943
-2.30524e-07,-0.0945
-2.30124e-07,-0.0939
-2.29724e-07,-0.0942
-2.29324e-07,-0.0938
-2.28924e-07,-0.0942
-2.28524e-07,-0.0938
-2.28124e-07,-0.0939
-2.27724e-07,-0.0936
-2.27324e-07,-0.0937
-2.26924e-07,-0.0937
-2.26524e-07,-0.0937
-2.26124e-07,-0.0933
-2.25724e-07,-0.0938
-2.25324e-07,-0.0932
-2.24924e-07,-0.0933
-2.24524e-07,-0.0932
-2.24124e-07,-0.0935
-2.23724e-07,-0.0935
-2.23324e-07,-0.0937
-2.22924e-07,-0.0937
-2.22524e-07,-0.0938
-2.22124e-07,-0.0934
-2.21724e-07,-0.0934
-2.21324e-07,-0.0933
-2.20924e-07,-0.0937
-2.20524e-07,-0.0933
-2.20124e-07,-0.0936
-2.19724e-07,-0.0931
-2.19324e-07,-0.0931
-2.18924e-07,-0.0931
-2.18524e-07,-0.0933
-2.18124e-07,-0.093
-2.17724e-07,-0.0932
-2.17324e-07,-0.0925
-2.16924e-07,-0.0924
-2.16524e-07,-0.0921
-2.16124e-07,-0.092
-2.15724e-07,-0.092
-2.15324e-07,-0.0922
-2.14924e-07,-0.0919
-2.14524e-07,-0.0924
-2.14124e-07,-0.0918
-2.13724e-07,-0.092
-2.13324e-07,-0.0917
-2.12924e-07,-0.092
-2.12524e-07,-0.092
-2.12124e-07,-0.0921
-2.11724e-07,-0.092
-2.11324e-07,-0.0923
-2.10924e-07,-0.092
-2.10524e-07,-0.0922
-2.10124e-07,-0.0919
-2.09724e-07,-0.0921
-2.09324e-07,-0.0913
-2.08924e-07,-0.0916
-2.08524e-07,-0.0912
-2.08124e-07,-0.0911
-2.07724e-07,-0.0909
-2.07324e-07,-0.091
-2.06924e-07,-0.0909
-2.06524e-07,-0.0908
-2.06124e-07,-0.0905
-2.05724e-07,-0.0904
-2.05324e-07,-0.09
-2.04924e-07,-0.0904
-2.04524e-07,-0.09
-2.04124e-07,-0.0902
-2.03724e-07,-0.0901
-2.03324e-07,-0.0906
-2.02924e-07,-0.0902
-2.02524e-07,-0.0904
-2.02124e-07,-0.0902
-2.01724e-07,-0.0906
-2.01324e-07,-0.0901
-2.00924e-07,-0.0902
-2.00524e-07,-0.0897
-2.00124e-07,-0.0901
-1.99724e-07,-0.0897
-1.99324e-07,-0.0901
-1.98924e-07,-0.0899
-1.98524e-07,-0.0898
-1.98124e-07,-0.0896
-1.97724e-07,-0.0895
-1.97324e-07,-0.0894
-1.96924e-07,-0.0892
-1.96524e-07,-0.0888
-1.96124e-07,-0.0891
-1.95724e-07,-0.0886
-1.95324e-07,-0.0888
-1.94924e-07,-0.0887
-1.94524e-07,-0.0888
-1.94124e-07,-0.0885
-1.93724e-07,-0.0888
-1.93324e-07,-0.0886
-1.92924e-07,-0.0885
-1.92524e-07,-0.0881
-1.92124e-07,-0.0883
-1.91724e-07,-0.0879
-1.91324e-07,-0.0884
-1.90924e-07,-0.0881
-1.90524e-07,-0.0885
-1.90124e-07,-0.0882
-1.89724e-07,-0.088
-1.89324e-07,-0.0878
-1.88924e-07,-0.088
-1.88524e-07,-0.0873
-1.88124e-07,-0.0875
-1.87724e-07,-0.0872
-1.87324e-07,-0.0876
-1.86924e-07,-0.0868
-1.86524e-07,-0.0864
-1.86124e-07,-0.0864
-1.85724e-07,-0.0868
-1.85324e-07,-0.0867
-1.84924e-07,-0.0867
-1.84524e-07,-0.0864
-1.84124e-07,-0.0865
-1.83724e-07,-0.0856
-1.83324e-07,-0.0857
-1.82924e-07,-0.0855
-1.82524e-07,-0.0858
-1.82124e-07,-0.0854
-1.81724e-07,-0.0858
-1.81324e-07,-0.0856
-1.80924e-07,-0.0857
-1.80524e-07,-0.0852
-1.80124e-07,-0.0851
-1.79724e-07,-0.0853
-1.79324e-07,-0.0855
-1.78924e-07,-0.0847
-1.78524e-07,-0.0848
-1.78124e-07,-0.0846
-1.77724e-07,-0.0847
-1.77324e-07,-0.0842
-1.76924e-07,-0.0843
-1.76524e-07,-0.0841
-1.76124e-07,-0.0843
-1.75724e-07,-0.0838
-1.75324e-07,-0.0841
-1.74924e-07,-0.0836
-1.74524e-07,-0.0838
-1.74124e-07,-0.0834
-1.73724e-07,-0.0834
-1.73324e-07,-0.083
-1.72924e-07,-0.0835
-1.72524e-07,-0.0829
-1.72124e-07,-0.083
-1.71724e-07,-0.0829
-1.71324e-07,-0.0828
-1.70924e-07,-0.0824
-1.70524e-07,-0.0824
-1.70124e-07,-0.0821
-1.69724e-07,-0.0825
-1.69324e-07,-0.082
-1.68924e-07,-0.0821
-1.68524e-07,-0.0819
-1.68124e-07,-0.0819
-1.67724e-07,-0.0817
-1.67324e-07,-0.0817
-1.66924e-07,-0.0814
-1.66524e-07,-0.0819
-1.66124e-07,-0.0816
-1.65724e-07,-0.0814
-1.65324e-07,-0.0809
-1.64924e-07,-0.0811
-1.64524e-07,-0.081
-1.64124e-07,-0.0812
-1.63724e-07,-0.0808
-1.63324e-07,-0.0809
-1.62924e-07,-0.0804
-1.62524e-07,-0.0803
-1.62124e-07,-0.08
-1.61724e-07,-0.0797
-1.61324e-07,-0.0794
-1.60924e-07,-0.0794
-1.60524e-07,-0.0793
-1.60124e-07,-0.0793
-1.59724e-07,-0.0792
-1.59324e-07,-0.0793
-1.58924e-07,-0.0788
-1.58524e-07,-0.079
-1.58124e-07,-0.0785
-1.57724e-07,-0.0788
-1.57324e-07,-0.0784
-1.56924e-07,-0.0786
-1.56524e-07,-0.078
-1.56124e-07,-0.0781
-1.55724e-07,-0.0781
-1.55324e-07,-0.078
-1.54924e-07,-0.0779
-1.54524e-07,-0.0778
-1.54124e-07,-0.0776
-1.53724e-07,-0.0775
-1.53324e-07,-0.077
-1.52924e-07,-0.0772
-1.52524e-07,-0.0766
-1.52124e-07,-0.0769
-1.51724e-07,-0.0765
-1.51324e-07,-0.0764
-1.50924e-07,-0.0759
-1.50524e-07,-0.0761
-1.50124e-07,-0.0757
-1.49724e-07,-0.0755
-1.49324e-07,-0.0756
-1.48924e-07,-0.0755
-1.48524e-07,-0.075
-1.48124e-07,-0.0752
-1.47724e-07,-0.0751
-1.47324e-07,-0.0752
-1.46924e-07,-0.075
-1.46524e-07,-0.0747
-1.46124e-07,-0.0745
-1.45724e-07,-0.0743
-1.45324e-07,-0.0739
-1.44924e-07,-0.0743
-1.44524e-07,-0.0739
-1.44124e-07,-0.0739
-1.43724e-07,-0.0734
-1.43324e-07,-0.0733
-1.42924e-07,-0.0737
-1.42524e-07,-0.0734
-1.42124e-07,-0.0731
-1.41724e-07,-0.0726
-1.41324e-07,-0.0725
-1.40924e-07,-0.0727
-1.40524e-07,-0.0723
-1.40124e-07,-0.0723
-1.39724e-07,-0.0718
-1.39324e-07,-0.0718
-1.38924e-07,-0.0711
-1.38524e-07,-0.0711
-1.38124e-07,-0.0713
-1.37724e-07,-0.0714
-1.37324e-07,-0.0708
-1.36924e-07,-0.0713
-1.36524e-07,-0.0709
-1.36124e-07,-0.0706
-1.35724e-07,-0.0704
-1.35324e-07,-0.0704
-1.34924e-07,-0.0702
-1.34524e-07,-0.0703
-1.34124e-07,-0.0697
-1.33724e-07,-0.0699
-1.33324e-07,-0.0697
-1.32924e-07,-0.0695
-1.32524e-07,-0.069
-1.32124e-07,-0.0688
-1.31724e-07,-0.0686
-1.31324e-07,-0.0686
-1.30924e-07,-0.0682
-1.30524e-07,-0.0681
-1.30124e-07,-0.0677
-1.29724e-07,-0.0677
-1.29324e-07,-0.0673
-1.28924e-07,-0.0677
-1.28524e-07,-0.0676
-1.28124e-07,-0.0674
-1.27724e-07,-0.0666
-1.27324e-07,-0.0667
-1.26924e-07,-0.0663
-1.26524e-07,-0.0666
-1.26124e-07,-0.066
-1.25724e-07,-0.066
-1.25324e-07,-0.066
-1.24924e-07,-0.0661
-1.24524e-07,-0.0656
-1.24124e-07,-0.0655
-1.23724e-07,-0.0653
-1.23324e-07,-0.0654
-1.22924e-07,-0.0651
-1.22524e-07,-0.065
-1.22124e-07,-0.0647
-1.21724e-07,-0.0646
-1.21324e-07,-0.064
-1.20924e-07,-0.0644
-1.20524e-07,-0.0637
-1.20124e-07,-0.0639
-1.19724e-07,-0.0634
-1.19324e-07,-0.0632
-1.18924e-07,-0.063
-1.18524e-07,-0.0629
-1.18124e-07,-0.0624
-1.17724e-07,-0.0625
-1.17324e-07,-0.0626
-1.16924e-07,-0.0624
-1.16524e-07,-0.062
-1.16124e-07,-0.062
-1.15724e-07,-0.0614
-1.15324e-07,-0.0614
-1.14924e-07,-0.0609
-1.14524e-07,-0.061
-1.14124e-07,-0.0607
-1.13724e-07,-0.0606
-1.13324e-07,-0.0604
-1.12924e-07,-0.0604
-1.12524e-07,-0.0599
-1.12124e-07,-0.06
-1.11724e-07,-0.0596
-1.11324e-07,-0.0597
-1.10924e-07,-0.0592
-1.10524e-07,-0.0595
-1.10124e-07,-0.0589
-1.09724e-07,-0.0587
-1.09324e-07,-0.0583
-1.08924e-07,-0.0586
-1.08524e-07,-0.0578
-1.08124e-07,-0.0581
-1.07724e-07,-0.0578
-1.07324e-07,-0.0575
-1.06924e-07,-0.0574
-1.06524e-07,-0.0572
-1.06124e-07,-0.057
-1.05724e-07,-0.0569
-1.05324e-07,-0.0564
-1.04924e-07,-0.0564
-1.04524e-07,-0.056
-1.04124e-07,-0.0566
-1.03724e-07,-0.0559
-1.03324e-07,-0.0555
-1.02924e-07,-0.0555
-1.02524e-07,-0.0556
-1.02124e-07,-0.0552
-1.01724e-07,-0.0551
-1.01324e-07,-0.0549
-1.00924e-07,-0.055
-1.00524e-07,-0.0543
-1.00124e-07,-0.0542
-9.97238e-08,-0.0539
-9.93238e-08,-0.0538
-9.89238e-08,-0.0535
-9.85238e-08,-0.0535
-9.81238e-08,-0.0531
-9.77238e-08,-0.0533
-9.73238e-08,-0.0527
-9.69238e-08,-0.0525
-9.65238e-08,-0.0522
-9.61238e-08,-0.0523
-9.57238e-08,-0.0516
-9.53238e-08,-0.0516
-9.49238e-08,-0.0515
-9.45238e-08,-0.0518
-9.41238e-08,-0.0513
-9.37238e-08,-0.0512
-9.33238e-08,-0.0508
-9.29238e-08,-0.0508
-9.25238e-08,-0.0504
-9.21238e-08,-0.0504
-9.17238e-08,-0.05
-9.13238e-08,-0.05
-9.09238e-08,-0.0495
-9.05238e-08,-0.0496
-9.01238e-08,-0.0492
-8.97238e-08,-0.0492
-8.93238e-08,-0.0486
-8.89238e-08,-0.0485
-8.85238e-08,-0.0482
-8.81238e-08,-0.0483
-8.77238e-08,-0.0478
-8.73238e-08,-0.0479
-8.69238e-08,-0.0475
-8.65238e-08,-0.0473
-8.61238e-08,-0.047
-8.57238e-08,-0.0471
-8.53238e-08,-0.0467
-8.49238e-08,-0.0466
-8.45238e-08,-0.046
-8.41238e-08,-0.0462
-8.37238e-08,-0.0455
-8.33238e-08,-0.0459
-8.29238e-08,-0.0456
-8.25238e-08,-0.0454
-8.21238e-08,-0.0452
-8.17238e-08,-0.0449
-8.13238e-08,-0.0447
-8.09238e-08,-0.0444
-8.05238e-08,-0.044
-8.01238e-08,-0.044
-7.97238e-08,-0.0436
-7.93238e-08,-0.0436
-7.89238e-08,-0.0429
-7.85238e-08,-0.043
-7.81238e-08,-0.0428
-7.77238e-08,-0.0426
-7.73238e-08,-0.0421
-7.69238e-08,-0.0421
-7.65238e-08,-0.0413
-7.61238e-08,-0.0417
-7.57238e-08,-0.0413
-7.53238e-08,-0.0415
-7.49238e-08,-0.0408
-7.45238e-08,-0.041
-7.41238e-08,-0.0409
-7.37238e-08,-0.0407
-7.33238e-08,-0.0404
-7.29238e-08,-0.0407
-7.25238e-08,-0.0401
-7.21238e-08,-0.0397
-7.17238e-08,-0.039
-7.13238e-08,-0.0389
-7.09238e-08,-0.0387
-7.05238e-08,-0.0388
-7.01238e-08,-0.0385
-6.97238e-08,-0.0385
-6.93238e-08,-0.0382
-6.89238e-08,-0.0379
-6.85238e-08,-0.0375
-6.81238e-08,-0.0374
-6.77238e-08,-0.0369
-6.73238e-08,-0.0369
-6.69238e-08,-0.0365
-6.65238e-08,-0.0367
-6.61238e-08,-0.0363
-6.57238e-08,-0.0359
-6.53238e-08,-0.0354
-6.49238e-08,-0.0355
-6.45238e-08,-0.0351
-6.41238e-08,-0.0352
-6.37238e-08,-0.0346
-6.33238e-08,-0.0345
-6.29238e-08,-0.0345
-6.25238e-08,-0.0344
-6.21238e-08,-0.0341
-6.17238e-08,-0.0343
-6.13238e-08,-0.0336
-6.09238e-08,-0.0333
-6.05238e-08,-0.033
-6.01238e-08,-0.0327
-5.97238e-08,-0.0325
-5.93238e-08,-0.0326
-5.89238e-08,-0.032
-5.85238e-08,-0.0319
-5.81238e-08,-0.0315
-5.77238e-08,-0.0316
-5.73238e-08,-0.0313
-5.69238e-08,-0.0312
-5.65238e-08,-0.0306
-5.61238e-08,-0.0307
-5.57238e-08,-0.03
-5.53238e-08,-0.03
-5.49238e-08,-0.0299
-5.45238e-08,-0.0296
-5.41238e-08,-0.0293
-5.37238e-08,-0.0292
-5.33238e-08,-0.0288
-5.29238e-08,-0.0288
-5.25238e-08,-0.0284
-5.21238e-08,-0.0284
-5.17238e-08,-0.028
-5.13238e-08,-0.028
-5.09238e-08,-0.0276
-5.05238e-08,-0.0275
-5.01238e-08,-0.0276
-4.97238e-08,-0.0276
-4.93238e-08,-0.027
-4.89238e-08,-0.0267
-4.85238e-08,-0.0265
-4.81238e-08,-0.0264
-4.77238e-08,-0.0258
-4.73238e-08,-0.0257
-4.69238e-08,-0.0254
-4.65238e-08,-0.0253
-4.61238e-08,-0.0245
-4.57238e-08,-0.0244
-4.53238e-08,-0.0239
-4.49238e-08,-0.0237
-4.45238e-08,-0.0234
-4.41238e-08,-0.0232
-4.37238e-08,-0.023
-4.33238e-08,-0.0231
-4.29238e-08,-0.0226
-4.25238e-08,-0.0221
-4.21238e-08,-0.022
-4.17238e-08,-0.0224
-4.13238e-08,-0.0218
-4.09238e-08,-0.0216
-4.05238e-08,-0.0213
-4.01238e-08,-0.021
-3.97238e-08,-0.021
-3.93238e-08,-0.021
-3.89238e-08,-0.0206
-3.85238e-08,-0.0204
-3.81238e-08,-0.0198
-3.77238e-08,-0.0194
-3.73238e-08,-0.0196
-3.69238e-08,-0.0197
-3.65238e-08,-0.0191
-3.61238e-08,-0.0188
-3.57238e-08,-0.0187
-3.53238e-08,-0.0187
-3.49238e-08,-0.0183
-3.45238e-08,-0.0179
-3.41238e-08,-0.0173
-3.37238e-08,-0.0175
-3.33238e-08,-0.017
-3.29238e-08,-0.0168
-3.25238e-08,-0.0165
-3.21238e-08,-0.0164
-3.17238e-08,-0.0161
-3.13238e-08,-0.016
-3.09238e-08,-0.0156
-3.05238e-08,-0.0156
-3.01238e-08,-0.0149
-2.97238e-08,-0.0149
-2.93238e-08,-0.015
-2.89238e-08,-0.0152
-2.85238e-08,-0.0145
-2.81238e-08,-0.0143
-2.77238e-08,-0.0139
-2.73238e-08,-0.0138
-2.69238e-08,-0.0133
-2.65238e-08,-0.0132
-2.61238e-08,-0.0127
-2.57238e-08,-0.013
-2.53238e-08,-0.0122
-2.49238e-08,-0.0117
-2.45238e-08,-0.0117
-2.41238e-08,-0.0118
-2.37238e-08,-0.011
-2.33238e-08,-0.0108
-2.29238e-08,-0.0102
-2.25238e-08,-0.0107
-2.21238e-08,-0.0103
-2.17238e-08,-0.0102
-2.13238e-08,-0.0098
-2.09238e-08,-0.0099
-2.05238e-08,-0.0096
-2.01238e-08,-0.0093
-1.97238e-08,-0.0092
-1.93238e-08,-0.0089
-1.89238e-08,-0.0083
-1.85238e-08,-0.0081
-1.81238e-08,-0.0079
-1.77238e-08,-0.0078
-1.73238e-08,-0.0072
-1.69238e-08,-0.0072
-1.65238e-08,-0.0069
-1.61238e-08,-0.0071
-1.57238e-08,-0.0066
-1.53238e-08,-0.0066
-1.49238e-08,-0.0062
-1.45238e-08,-0.006
-1.41238e-08,-0.0056
-1.37238e-08,-0.0055
-1.33238e-08,-0.0051
-1.29238e-08,-0.0048
-1.25238e-08,-0.0045
-1.21238e-08,-0.0044
-1.17238e-08,-0.004
-1.13238e-08,-0.0038
-1.09238e-08,-0.0035
-1.05238e-08,-0.0034
-1.01238e-08,-0.0031
-9.72381e-09,-0.0031
-9.32381e-09,-0.0026
-8.92381e-09,-0.0025
-8.52381e-09,-0.0023
-8.12381e-09,-0.0021
-7.72381e-09,-0.0015
-7.32381e-09,-0.0018
-6.92381e-09,-0.0017
-6.52381e-09,-0.0014
-6.12381e-09,-0.0009
-5.72381e-09,-0.001
-5.32381e-09,-0.0006
-4.92381e-09,-0.0003
-4.52381e-09,0
-4.12381e-09,0.0004
-3.72381e-09,0.0007
-3.32381e-09,0.0006
-2.92381e-09,0.0013
-2.52381e-09,0.0014
-2.12381e-09,0.0015
-1.72381e-09,0.0014
-1.32381e-09,0.002
-9.23809e-10,0.0023
-5.23809e-10,0.0026
-1.23809e-10,0.0028
2.76191e-10,0.0034
6.76191e-10,0.0034
1.07619e-09,0.0039
1.47619e-09,0.0036
1.87619e-09,0.0042
2.27619e-09,0.0043
2.67619e-09,0.0046
3.07619e-09,0.0049
3.47619e-09,0.0054
3.87619e-09,0.0054
4.27619e-09,0.0055
4.67619e-09,0.0054
5.07619e-09,0.0059
5.47619e-09,0.006
5.87619e-09,0.0062
6.27619e-09,0.0064
6.67619e-09,0.007
7.07619e-09,0.0071
7.47619e-09,0.0075
7.87619e-09,0.0073
8.27619e-09,0.0077
8.67619e-09,0.0079
9.07619e-09,0.0084
9.47619e-09,0.0084
9.87619e-09,0.0087
1.02762e-08,0.0089
1.06762e-08,0.0095
1.10762e-08,0.0094
1.14762e-08,0.0102
1.18762e-08,0.0104
1.22762e-08,0.0107
1.26762e-08,0.0103
1.30762e-08,0.0109
1.34762e-08,0.0111
1.38762e-08,0.0113
1.42762e-08,0.0115
1.46762e-08,0.0121
1.50762e-08,0.0122
1.54762e-08,0.0126
1.58762e-08,0.0124
1.62762e-08,0.0127
1.66762e-08,0.0128
1.70762e-08,0.0133
1.74762e-08,0.0134
1.78762e-08,0.0136
1.82762e-08,0.0136
1.86762e-08,0.0141
1.90762e-08,0.0144
1.94762e-08,0.0146
1.98762e-08,0.0147
2.02762e-08,0.015
2.06762e-08,0.0151
2.10762e-08,0.0155
2.14762e-08,0.0157
2.18762e-08,0.0159
2.22762e-08,0.0162
2.26762e-08,0.0169
2.30762e-08,0.0171
2.34762e-08,0.0176
2.38762e-08,0.0173
2.42762e-08,0.0178
2.46762e-08,0.0179
2.50762e-08,0.018
2.54762e-08,0.0178
2.58762e-08,0.0188
2.62762e-08,0.0187
2.66762e-08,0.019
2.70762e-08,0.0192
2.74762e-08,0.0193
2.78762e-08,0.0198
2.82762e-08,0.02
2.86762e-08,0.0198
2.90762e-08,0.0202
2.94762e-08,0.0209
2.98762e-08,0.0211
3.02762e-08,0.021
3.06762e-08,0.0215
3.10762e-08,0.0216
3.14762e-08,0.0216
3.18762e-08,0.0222
3.22762e-08,0.0228
3.26762e-08,0.023
3.30762e-08,0.0233
3.34762e-08,0.0231
3.38762e-08,0.0233
3.42762e-08,0.0237
3.46762e-08,0.0236
3.50762e-08,0.024
3.54762e-08,0.0246
3.58762e-08,0.0248
3.62762e-08,0.025
3.66762e-08,0.0247
3.70762e-08,0.0254
3.74762e-08,0.0256
3.78762e-08,0.0259
3.82762e-08,0.0258
3.86762e-08,0.0259
3.90762e-08,0.0262
3.94762e-08,0.0264
3.98762e-08,0.0263
4.02762e-08,0.0269
4.06762e-08,0.0274
4.10762e-08,0.0273
4.14762e-08,0.0274
4.18762e-08,0.0277
4.22762e-08,0.0283
4.26762e-08,0.0286
4.30762e-08,0.0284
4.34762e-08,0.0289
4.38762e-08,0.0293
4.42762e-08,0.0299
4.46762e-08,0.0298
4.50762e-08,0.0303
4.54762e-08,0.0303
4.58762e-08,0.0306
4.62762e-08,0.0307
4.66762e-08,0.031
4.70762e-08,0.0312
4.74762e-08,0.0314
4.78762e-08,0.0319
4.82762e-08,0.0322
4.86762e-08,0.0326
4.90762e-08,0.0326
4.94762e-08,0.0323
4.98762e-08,0.0326
5.02762e-08,0.033
5.06762e-08,0.0334
5.10762e-08,0.0334
5.14762e-08,0.0339
5.18762e-08,0.0338
5.22762e-08,0.0337
5.26762e-08,0.0339
5.30762e-08,0.0343
5.34762e-08,0.035
5.38762e-08,0.0349
5.42762e-08,0.0351
5.46762e-08,0.0355
5.50762e-08,0.0354
5.54762e-08,0.0359
5.58762e-08,0.036
5.62762e-08,0.0366
5.66762e-08,0.0372
5.70762e-08,0.0373
5.74762e-08,0.0372
5.78762e-08,0.0377
5.82762e-08,0.0381
5.86762e-08,0.0388
5.90762e-08,0.0388
5.94762e-08,0.0388
5.98762e-08,0.0388
6.02762e-08,0.0391
6.06762e-08,0.039
6.10762e-08,0.0395
6.14762e-08,0.0396
6.18762e-08,0.0398
6.22762e-08,0.0397
6.26762e-08,0.04
6.30762e-08,0.0403
6.34762e-08,0.0409
6.38762e-08,0.0409
6.42762e-08,0.0411
6.46762e-08,0.0412
6.50762e-08,0.0416
6.54762e-08,0.042
6.58762e-08,0.0424
6.62762e-08,0.0428
6.66762e-08,0.0429
6.70762e-08,0.0429
6.74762e-08,0.0434
6.78762e-08,0.0438
6.82762e-08,0.0439
6.86762e-08,0.044
6.90762e-08,0.0444
6.94762e-08,0.0446
6.98762e-08,0.0446
7.02762e-08,0.0448
7.06762e-08,0.0451
7.10762e-08,0.045
7.14762e-08,0.0451
7.18762e-08,0.0453
7.22762e-08,0.0457
7.26762e-08,0.0458
7.30762e-08,0.0462
7.34762e-08,0.0459
7.38762e-08,0.0466
7.42762e-08,0.0465
7.46762e-08,0.047
7.50762e-08,0.047
7.54762e-08,0.0473
7.58762e-08,0.0477
7.62762e-08,0.0479
7.66762e-08,0.0478
7.70762e-08,0.0486
7.74762e-08,0.0487
7.78762e-08,0.0489
7.82762e-08,0.049
7.86762e-08,0.0494
7.90762e-08,0.0494
7.94762e-08,0.0499
7.98762e-08,0.0503
8.02762e-08,0.0503
8.06762e-08,0.0502
8.10762e-08,0.0505
8.14762e-08,0.0505
8.18762e-08,0.0513
8.22762e-08,0.0517
8.26762e-08,0.0516
8.30762e-08,0.0515
8.34762e-08,0.0515
8.38762e-08,0.0517
8.42762e-08,0.052
8.46762e-08,0.0522
8.50762e-08,0.0525
8.54762e-08,0.0529
8.58762e-08,0.0532
8.62762e-08,0.053
8.66762e-08,0.0532
8.70762e-08,0.0538
8.74762e-08,0.0544
8.78762e-08,0.0543
8.82762e-08,0.0545
8.86762e-08,0.055
8.90762e-08,0.0556
8.94762e-08,0.0554
8.98762e-08,0.0555
9.02762e-08,0.056
9.06762e-08,0.0565
9.10762e-08,0.0565
9.14762e-08,0.0568
9.18762e-08,0.0568
9.22762e-08,0.0568
9.26762e-08,0.0567
9.30762e-08,0.057
9.34762e-08,0.0573
9.38762e-08,0.0575
9.42762e-08,0.0575
9.46762e-08,0.058
9.50762e-08,0.0581
9.54762e-08,0.0585
9.58762e-08,0.0585
9.62762e-08,0.0587
9.66762e-08,0.0593
9.70762e-08,0.0598
9.74762e-08,0.0596
9.78762e-08,0.0602
9.82762e-08,0.0603
9.86762e-08,0.0605
9.90762e-08,0.0606
9.94762e-08,0.061
9.98762e-08,0.0611
1.00276e-07,0.0614
1.00676e-07,0.0612
1.01076e-07,0.0616
1.01476e-07,0.0621
1.01876e-07,0.0625
1.02276e-07,0.0624
1.02676e-07,0.0626
1.03076e-07,0.0626
1.03476e-07,0.0627
1.03876e-07,0.0626
1.04276e-07,0.0632
1.04676e-07,0.0633
1.05076e-07,0.0639
1.05476e-07,0.0638
1.05876e-07,0.0642
1.06276e-07,0.064
1.06676e-07,0.0643
1.07076e-07,0.0641
1.07476e-07,0.0644
1.07876e-07,0.0645
1.08276e-07,0.0649
1.08676e-07,0.065
1.09076e-07,0.0655
1.09476e-07,0.0653
1.09876e-07,0.0658
1.10276e-07,0.0658
1.10676e-07,0.066
1.11076e-07,0.0664
1.11476e-07,0.067
1.11876e-07,0.067
1.12276e-07,0.0671
1.12676e-07,0.0671
1.13076e-07,0.067
1.13476e-07,0.0674
1.13876e-07,0.0682
1.14276e-07,0.0682
1.14676e-07,0.0688
1.15076e-07,0.0688
1.15476e-07,0.0688
1.15876e-07,0.0691
1.16276e-07,0.0694
1.16676e-07,0.0692
1.17076e-07,0.0695
1.17476e-07,0.0696
1.17876e-07,0.0698
1.18276e-07,0.0695
1.18676e-07,0.07
1.19076e-07,0.0702
1.19476e-07,0.0703
1.19876e-07,0.0703
1.20276e-07,0.0707
1.20676e-07,0.0708
1.21076e-07,0.0711
1.21476e-07,0.0711
1.21876e-07,0.0719
1.22276e-07,0.0722
1.22676e-07,0.0724
1.23076e-07,0.0724
1.23476e-07,0.0727
1.23876e-07,0.073
1.24276e-07,0.0732
1.24676e-07,0.0732
1.25076e-07,0.0738
1.25476e-07,0.0739
1.25876e-07,0.0742
1.26276e-07,0.0742
1.26676e-07,0.0748
1.27076e-07,0.0747
1.27476e-07,0.0746
1.27876e-07,0.0744
1.28276e-07,0.0748
1.28676e-07,0.0752
1.29076e-07,0.0752
1.29476e-07,0.0751
1.29876e-07,0.0755
1.30276e-07,0.0752
1.30676e-07,0.075
1.31076e-07,0.075
1.31476e-07,0.0758
1.31876e-07,0.0759
1.32276e-07,0.0761
1.32676e-07,0.076
1.33076e-07,0.0771
1.33476e-07,0.0771
1.33876e-07,0.0776
1.34276e-07,0.0777
1.34676e-07,0.0785
1.35076e-07,0.0786
1.35476e-07,0.0788
1.35876e-07,0.0787
1.36276e-07,0.0791
1.36676e-07,0.079
1.37076e-07,0.0794
1.37476e-07,0.0793
1.37876e-07,0.0796
1.38276e-07,0.0794
1.38676e-07,0.0796
1.39076e-07,0.0793
1.39476e-07,0.0798
1.39876e-07,0.0795
1.40276e-07,0.0796
1.40676e-07,0.0795
1.41076e-07,0.0798
1.41476e-07,0.0797
1.41876e-07,0.0804
1.42276e-07,0.0807
1.42676e-07,0.0813
1.43076e-07,0.0812
1.43476e-07,0.0816
1.43876e-07,0.0817
1.44276e-07,0.0821
1.44676e-07,0.0824
1.45076e-07,0.0828
1.45476e-07,0.0828
1.45876e-07,0.0832
1.46276e-07,0.0832
1.46676e-07,0.0839
1.47076e-07,0.0837
1.47476e-07,0.0843
1.47876e-07,0.0842
1.48276e-07,0.0844
1.48676e-07,0.0843
1.49076e-07,0.0845
1.49476e-07,0.0842
1.49876e-07,0.0842
1.50276e-07,0.0839
1.50676e-07,0.0843
1.51076e-07,0.0842
1.51476e-07,0.0843
1.51876e-07,0.0841
1.52276e-07,0.0848
1.52676e-07,0.085
1.53076e-07,0.0851
1.53476e-07,0.085
1.53876e-07,0.0858
1.54276e-07,0.0856
1.54676e-07,0.0861
1.55076e-07,0.0863
1.55476e-07,0.0869
1.55876e-07,0.0871
1.56276e-07,0.0874
1.56676e-07,0.0874
1.57076e-07,0.0883
1.57476e-07,0.0879
1.57876e-07,0.0881
1.58276e-07,0.0878
1.58676e-07,0.0883
1.59076e-07,0.0884
1.59476e-07,0.0888
1.59876e-07,0.0887
1.60276e-07,0.0889
1.60676e-07,0.0886
1.61076e-07,0.0885
1.61476e-07,0.0885
1.61876e-07,0.0891
1.62276e-07,0.0887
1.62676e-07,0.0891
1.63076e-07,0.0888
1.63476e-07,0.0893
1.63876e-07,0.0895
1.64276e-07,0.0897
1.64676e-07,0.0899
1.65076e-07,0.0905
1.65476e-07,0.0906
1.65876e-07,0.0911
1.66276e-07,0.0912
1.66676e-07,0.0919
1.67076e-07,0.0918
1.67476e-07,0.0921
1.67876e-07,0.0919
1.68276e-07,0.0925
1.68676e-07,0.0926
1.69076e-07,0.0928
1.69476e-07,0.0927
1.69876e-07,0.0928
1.70276e-07,0.0924
1.70676e-07,0.0924
1.71076e-07,0.0924
1.71476e-07,0.093
1.71876e-07,0.0928
1.72276e-07,0.0925
1.72676e-07,0.0927
1.73076e-07,0.093
1.73476e-07,0.0933
1.73876e-07,0.0933
1.74276e-07,0.093
1.74676e-07,0.0938
1.75076e-07,0.0938
1.75476e-07,0.094
1.75876e-07,0.0938
1.76276e-07,0.0943
1.76676e-07,0.0944
1.77076e-07,0.095
1.77476e-07,0.0947
1.77876e-07,0.0951
1.78276e-07,0.0951
1.78676e-07,0.0952
1.79076e-07,0.0954
1.79476e-07,0.0961
1.79876e-07,0.096
1.80276e-07,0.096
1.80676e-07,0.0961
1.81076e-07,0.0965
1.81476e-07,0.096
1.81876e-07,0.0962
1.82276e-07,0.0963
1.82676e-07,0.0966
1.83076e-07,0.0965
1.83476e-07,0.0972
1.83876e-07,0.097
1.84276e-07,0.0975
1.84676e-07,0.0971
1.85076e-07,0.097
1.85476e-07,0.0972
1.85876e-07,0.0972
1.86276e-07,0.0975
1.86676e-07,0.0975
1.87076e-07,0.0975
1.87476e-07,0.0979
1.87876e-07,0.0979
1.88276e-07,0.0984
1.88676e-07,0.0982
1.89076e-07,0.0983
1.89476e-07,0.0985
1.89876e-07,0.0988
1.90276e-07,0.0993
1.90676e-07,0.0997
1.91076e-07,0.0994
1.91476e-07,0.0994
1.91876e-07,0.0996
1.92276e-07,0.1002
1.92676e-07,0.1001
1.93076e-07,0.1002
1.93476e-07,0.1002
1.93876e-07,0.1007
1.94276e-07,0.1002
1.94676e-07,0.1003
1.95076e-07,0.1002
1.95476e-07,0.1006
1.95876e-07,0.1
1.96276e-07,0.0999
1.96676e-07,0.1002
1.97076e-07,0.1006
1.97476e-07,0.1005
1.97876e-07,0.1005
1.98276e-07,0.1005
1.98676e-07,0.1011
1.99076e-07,0.1008
1.99476e-07,0.1011
1.99876e-07,0.1015
2.00276e-07,0.1018
2.00676e-07,0.1016
2.01076e-07,0.1021
2.01476e-07,0.1024
2.01876e-07,0.1028
2.02276e-07,0.1027
2.02676e-07,0.103
2.03076e-07,0.103
2.03476e-07,0.1034
2.03876e-07,0.1031
2.04276e-07,0.1032
2.04676e-07,0.1033
2.05076e-07,0.1035
2.05476e-07,0.1031
2.05876e-07,0.1032
2.06276e-07,0.1032
2.06676e-07,0.1034
2.07076e-07,0.1031
2.07476e-07,0.1031
2.07876e-07,0.1032
2.08276e-07,0.1034
2.08676e-07,0.103
2.09076e-07,0.1033
2.09476e-07,0.1036
2.09876e-07,0.1043
2.10276e-07,0.1041
2.10676e-07,0.1047
2.11076e-07,0.1047
2.11476e-07,0.105
2.11876e-07,0.1052
2.12276e-07,0.1055
2.12676e-07,0.1059
2.13076e-07,0.106
2.13476e-07,0.1056
2.13876e-07,0.1057
2.14276e-07,0.1057
2.14676e-07,0.1061
2.15076e-07,0.1057
2.15476e-07,0.1056
2.15876e-07,0.1054
2.16276e-07,0.1056
2.16676e-07,0.1054
2.17076e-07,0.1055
2.17476e-07,0.1053
2.17876e-07,0.1055
2.18276e-07,0.1054
2.18676e-07,0.1056
2.19076e-07,0.1055
2.19476e-07,0.1058
2.19876e-07,0.1058
2.20276e-07,0.1061
2.20676e-07,0.1063
2.21076e-07,0.1066
2.21476e-07,0.1068
2.21876e-07,0.1071
2.22276e-07,0.1071
2.22676e-07,0.1077
2.23076e-07,0.1074
2.23476e-07,0.1075
2.23876e-07,0.1075
2.24276e-07,0.1078
2.24676e-07,0.1076
2.25076e-07,0.1083
2.25476e-07,0.1081
2.25876e-07,0.1083
2.26276e-07,0.1078
2.26676e-07,0.1077
2.27076e-07,0.1075
2.27476e-07,0.1073
2.27876e-07,0.1073
2.28276e-07,0.1075
2.28676e-07,0.1077
2.29076e-07,0.1077
2.29476e-07,0.1077
2.29876e-07,0.1077
2.30276e-07,0.1076
2.30676e-07,0.1078
2.31076e-07,0.1078
2.31476e-07,0.1082
2.31876e-07,0.1083
2.32276e-07,0.1087
2.32676e-07,0.1086
2.33076e-07,0.1088
2.33476e-07,0.109
2.33876e-07,0.1094
2.34276e-07,0.1093
2.34676e-07,0.1093
2.35076e-07,0.1095
2.35476e-07,0.1094
2.35876e-07,0.1095
2.36276e-07,0.1096
2.36676e-07,0.1094
2.37076e-07,0.1096
2.37476e-07,0.1091
2.37876e-07,0.1094
2.38276e-07,0.1093
2.38676e-07,0.1092
2.39076e-07,0.1089
2.39476e-07,0.1093
2.39876e-07,0.1091
2.40276e-07,0.1098
2.40676e-07,0.1095
2.41076e-07,0.1093
2.41476e-07,0.1092
2.41876e-07,0.1098
2.42276e-07,0.1099
2.42676e-07,0.1102
2.43076e-07,0.11
2.43476e-07,0.1104
2.43876e-07,0.1105
2.44276e-07,0.1104
2.44676e-07,0.1106
2.45076e-07,0.111
2.45476e-07,0.1105
2.45876e-07,0.1105
2.46276e-07,0.1105
2.46676e-07,0.1107
2.47076e-07,0.1106
2.47476e-07,0.1107
2.47876e-07,0.1106
2.48276e-07,0.1107
2.48676e-07,0.1105
2.49076e-07,0.1106
2.49476e-07,0.1106
2.49876e-07,0.1108
2.50276e-07,0.1105
