LECROYHDO6034,16324,Waveform
Segments,1,SegmentSize,1252
Segment,TrigTime,TimeSinceSegment1
#1,10-Jul-2024 13:26:12,0                 
Time,Ampl
-2.5009e-07,-0.0174
-2.4969e-07,-0.0173
-2.4929e-07,-0.0175
-2.4889e-07,-0.0174
-2.4849e-07,-0.0176
-2.4809e-07,-0.0173
-2.4769e-07,-0.0176
-2.4729e-07,-0.0175
-2.4689e-07,-0.0176
-2.4649e-07,-0.0172
-2.4609e-07,-0.0176
-2.4569e-07,-0.0172
-2.4529e-07,-0.0173
-2.4489e-07,-0.0167
-2.4449e-07,-0.0167
-2.4409e-07,-0.0167
-2.4369e-07,-0.0169
-2.4329e-07,-0.0166
-2.4289e-07,-0.0167
-2.4249e-07,-0.0164
-2.4209e-07,-0.0167
-2.4169e-07,-0.0164
-2.4129e-07,-0.0167
-2.4089e-07,-0.0166
-2.4049e-07,-0.0167
-2.4009e-07,-0.0169
-2.3969e-07,-0.0172
-2.3929e-07,-0.0171
-2.3889e-07,-0.0174
-2.3849e-07,-0.0174
-2.3809e-07,-0.0178
-2.3769e-07,-0.0173
-2.3729e-07,-0.0176
-2.3689e-07,-0.0172
-2.3649e-07,-0.0177
-2.3609e-07,-0.0171
-2.3569e-07,-0.0173
-2.3529e-07,-0.0169
-2.3489e-07,-0.0168
-2.3449e-07,-0.0163
-2.3409e-07,-0.0165
-2.3369e-07,-0.016
-2.3329e-07,-0.0168
-2.3289e-07,-0.0165
-2.3249e-07,-0.0169
-2.3209e-07,-0.0165
-2.3169e-07,-0.0165
-2.3129e-07,-0.0164
-2.3089e-07,-0.0166
-2.3049e-07,-0.0167
-2.3009e-07,-0.0168
-2.2969e-07,-0.0166
-2.2929e-07,-0.0172
-2.2889e-07,-0.017
-2.2849e-07,-0.0171
-2.2809e-07,-0.0172
-2.2769e-07,-0.0175
-2.2729e-07,-0.0171
-2.2689e-07,-0.0173
-2.2649e-07,-0.017
-2.2609e-07,-0.0172
-2.2569e-07,-0.0171
-2.2529e-07,-0.0173
-2.2489e-07,-0.0172
-2.2449e-07,-0.0169
-2.2409e-07,-0.0166
-2.2369e-07,-0.0166
-2.2329e-07,-0.0165
-2.2289e-07,-0.0166
-2.2249e-07,-0.016
-2.2209e-07,-0.0162
-2.2169e-07,-0.0162
-2.2129e-07,-0.0165
-2.2089e-07,-0.0162
-2.2049e-07,-0.0165
-2.2009e-07,-0.0163
-2.1969e-07,-0.0168
-2.1929e-07,-0.017
-2.1889e-07,-0.0168
-2.1849e-07,-0.0166
-2.1809e-07,-0.0169
-2.1769e-07,-0.0168
-2.1729e-07,-0.0175
-2.1689e-07,-0.0171
-2.1649e-07,-0.0174
-2.1609e-07,-0.017
-2.1569e-07,-0.017
-2.1529e-07,-0.0168
-2.1489e-07,-0.017
-2.1449e-07,-0.0169
-2.1409e-07,-0.0169
-2.1369e-07,-0.0164
-2.1329e-07,-0.0167
-2.1289e-07,-0.0165
-2.1249e-07,-0.0167
-2.1209e-07,-0.0164
-2.1169e-07,-0.0165
-2.1129e-07,-0.0163
-2.1089e-07,-0.0163
-2.1049e-07,-0.016
-2.1009e-07,-0.0164
-2.0969e-07,-0.0162
-2.0929e-07,-0.0165
-2.0889e-07,-0.0164
-2.0849e-07,-0.0168
-2.0809e-07,-0.0166
-2.0769e-07,-0.0168
-2.0729e-07,-0.0166
-2.0689e-07,-0.0169
-2.0649e-07,-0.0168
-2.0609e-07,-0.0168
-2.0569e-07,-0.0168
-2.0529e-07,-0.0168
-2.0489e-07,-0.0167
-2.0449e-07,-0.0168
-2.0409e-07,-0.0166
-2.0369e-07,-0.0166
-2.0329e-07,-0.0163
-2.0289e-07,-0.0162
-2.0249e-07,-0.0163
-2.0209e-07,-0.0165
-2.0169e-07,-0.0159
-2.0129e-07,-0.0161
-2.0089e-07,-0.0161
-2.0049e-07,-0.0165
-2.0009e-07,-0.0163
-1.9969e-07,-0.0166
-1.9929e-07,-0.0163
-1.9889e-07,-0.0159
-1.9849e-07,-0.0159
-1.9809e-07,-0.0163
-1.9769e-07,-0.016
-1.9729e-07,-0.016
-1.9689e-07,-0.016
-1.9649e-07,-0.0161
-1.9609e-07,-0.0165
-1.9569e-07,-0.017
-1.9529e-07,-0.0167
-1.9489e-07,-0.0168
-1.9449e-07,-0.0166
-1.9409e-07,-0.0165
-1.9369e-07,-0.0165
-1.9329e-07,-0.0169
-1.9289e-07,-0.0165
-1.9249e-07,-0.0162
-1.9209e-07,-0.0161
-1.9169e-07,-0.0162
-1.9129e-07,-0.0161
-1.9089e-07,-0.0162
-1.9049e-07,-0.0157
-1.9009e-07,-0.0157
-1.8969e-07,-0.0156
-1.8929e-07,-0.0155
-1.8889e-07,-0.0154
-1.8849e-07,-0.0157
-1.8809e-07,-0.0155
-1.8769e-07,-0.0156
-1.8729e-07,-0.0157
-1.8689e-07,-0.0157
-1.8649e-07,-0.0156
-1.8609e-07,-0.0156
-1.8569e-07,-0.0157
-1.8529e-07,-0.0157
-1.8489e-07,-0.0158
-1.8449e-07,-0.0163
-1.8409e-07,-0.0162
-1.8369e-07,-0.0163
-1.8329e-07,-0.0161
-1.8289e-07,-0.016
-1.8249e-07,-0.0162
-1.8209e-07,-0.0161
-1.8169e-07,-0.0161
-1.8129e-07,-0.016
-1.8089e-07,-0.0159
-1.8049e-07,-0.0162
-1.8009e-07,-0.016
-1.7969e-07,-0.0159
-1.7929e-07,-0.0156
-1.7889e-07,-0.0158
-1.7849e-07,-0.0152
-1.7809e-07,-0.0153
-1.7769e-07,-0.0153
-1.7729e-07,-0.0154
-1.7689e-07,-0.0152
-1.7649e-07,-0.0154
-1.7609e-07,-0.0153
-1.7569e-07,-0.0154
-1.7529e-07,-0.015
-1.7489e-07,-0.0151
-1.7449e-07,-0.0151
-1.7409e-07,-0.0157
-1.7369e-07,-0.0157
-1.7329e-07,-0.0159
-1.7289e-07,-0.0158
-1.7249e-07,-0.0159
-1.7209e-07,-0.0157
-1.7169e-07,-0.0157
-1.7129e-07,-0.0156
-1.7089e-07,-0.0158
-1.7049e-07,-0.0156
-1.7009e-07,-0.0156
-1.6969e-07,-0.0152
-1.6929e-07,-0.0156
-1.6889e-07,-0.0152
-1.6849e-07,-0.0153
-1.6809e-07,-0.015
-1.6769e-07,-0.0149
-1.6729e-07,-0.0148
-1.6689e-07,-0.0148
-1.6649e-07,-0.0147
-1.6609e-07,-0.0147
-1.6569e-07,-0.0146
-1.6529e-07,-0.0147
-1.6489e-07,-0.0144
-1.6449e-07,-0.0146
-1.6409e-07,-0.0147
-1.6369e-07,-0.0145
-1.6329e-07,-0.0147
-1.6289e-07,-0.0149
-1.6249e-07,-0.0149
-1.6209e-07,-0.0153
-1.6169e-07,-0.0149
-1.6129e-07,-0.0151
-1.6089e-07,-0.015
-1.6049e-07,-0.0154
-1.6009e-07,-0.0154
-1.5969e-07,-0.0152
-1.5929e-07,-0.015
-1.5889e-07,-0.0148
-1.5849e-07,-0.0146
-1.5809e-07,-0.0149
-1.5769e-07,-0.0146
-1.5729e-07,-0.0143
-1.5689e-07,-0.0142
-1.5649e-07,-0.0143
-1.5609e-07,-0.0143
-1.5569e-07,-0.0143
-1.5529e-07,-0.014
-1.5489e-07,-0.0141
-1.5449e-07,-0.0138
-1.5409e-07,-0.0139
-1.5369e-07,-0.0138
-1.5329e-07,-0.0141
-1.5289e-07,-0.0142
-1.5249e-07,-0.0144
-1.5209e-07,-0.0142
-1.5169e-07,-0.0146
-1.5129e-07,-0.0148
-1.5089e-07,-0.0149
-1.5049e-07,-0.0146
-1.5009e-07,-0.0146
-1.4969e-07,-0.0146
-1.4929e-07,-0.0148
-1.4889e-07,-0.0145
-1.4849e-07,-0.0145
-1.4809e-07,-0.0141
-1.4769e-07,-0.0141
-1.4729e-07,-0.014
-1.4689e-07,-0.0143
-1.4649e-07,-0.0141
-1.4609e-07,-0.0141
-1.4569e-07,-0.0136
-1.4529e-07,-0.0137
-1.4489e-07,-0.0134
-1.4449e-07,-0.0134
-1.4409e-07,-0.0132
-1.4369e-07,-0.0135
-1.4329e-07,-0.0134
-1.4289e-07,-0.0133
-1.4249e-07,-0.0134
-1.4209e-07,-0.0136
-1.4169e-07,-0.0136
-1.4129e-07,-0.0136
-1.4089e-07,-0.0136
-1.4049e-07,-0.0138
-1.4009e-07,-0.0137
-1.3969e-07,-0.0137
-1.3929e-07,-0.0135
-1.3889e-07,-0.0139
-1.3849e-07,-0.014
-1.3809e-07,-0.0138
-1.3769e-07,-0.0138
-1.3729e-07,-0.0138
-1.3689e-07,-0.0133
-1.3649e-07,-0.0136
-1.3609e-07,-0.0133
-1.3569e-07,-0.0135
-1.3529e-07,-0.0133
-1.3489e-07,-0.0129
-1.3449e-07,-0.0128
-1.3409e-07,-0.013
-1.3369e-07,-0.0128
-1.3329e-07,-0.0126
-1.3289e-07,-0.0125
-1.3249e-07,-0.0126
-1.3209e-07,-0.013
-1.3169e-07,-0.0132
-1.3129e-07,-0.0127
-1.3089e-07,-0.0127
-1.3049e-07,-0.0128
-1.3009e-07,-0.0129
-1.2969e-07,-0.013
-1.2929e-07,-0.013
-1.2889e-07,-0.0131
-1.2849e-07,-0.013
-1.2809e-07,-0.0127
-1.2769e-07,-0.0128
-1.2729e-07,-0.0129
-1.2689e-07,-0.013
-1.2649e-07,-0.0132
-1.2609e-07,-0.013
-1.2569e-07,-0.013
-1.2529e-07,-0.0128
-1.2489e-07,-0.0127
-1.2449e-07,-0.0126
-1.2409e-07,-0.0126
-1.2369e-07,-0.0128
-1.2329e-07,-0.0124
-1.2289e-07,-0.0125
-1.2249e-07,-0.0126
-1.2209e-07,-0.012
-1.2169e-07,-0.012
-1.2129e-07,-0.0119
-1.2089e-07,-0.0118
-1.2049e-07,-0.0117
-1.2009e-07,-0.0119
-1.1969e-07,-0.0119
-1.1929e-07,-0.012
-1.1889e-07,-0.0118
-1.1849e-07,-0.0121
-1.1809e-07,-0.0124
-1.1769e-07,-0.0127
-1.1729e-07,-0.0126
-1.1689e-07,-0.0124
-1.1649e-07,-0.0122
-1.1609e-07,-0.012
-1.1569e-07,-0.0124
-1.1529e-07,-0.0122
-1.1489e-07,-0.0126
-1.1449e-07,-0.0122
-1.1409e-07,-0.0121
-1.1369e-07,-0.0121
-1.1329e-07,-0.0123
-1.1289e-07,-0.0118
-1.1249e-07,-0.0119
-1.1209e-07,-0.0117
-1.1169e-07,-0.0113
-1.1129e-07,-0.0112
-1.1089e-07,-0.011
-1.1049e-07,-0.0109
-1.1009e-07,-0.0113
-1.0969e-07,-0.0111
-1.0929e-07,-0.011
-1.0889e-07,-0.0106
-1.0849e-07,-0.0111
-1.0809e-07,-0.0112
-1.0769e-07,-0.0113
-1.0729e-07,-0.0113
-1.0689e-07,-0.0115
-1.0649e-07,-0.0114
-1.0609e-07,-0.0113
-1.0569e-07,-0.0113
-1.0529e-07,-0.0116
-1.0489e-07,-0.0113
-1.0449e-07,-0.0113
-1.0409e-07,-0.0112
-1.0369e-07,-0.0112
-1.0329e-07,-0.0108
-1.0289e-07,-0.0109
-1.0249e-07,-0.0103
-1.0209e-07,-0.0106
-1.0169e-07,-0.0105
-1.0129e-07,-0.0104
-1.0089e-07,-0.0101
-1.0049e-07,-0.0102
-1.0009e-07,-0.0103
-9.96902e-08,-0.0099
-9.92902e-08,-0.0097
-9.88902e-08,-0.0103
-9.84902e-08,-0.0102
-9.80902e-08,-0.0102
-9.76902e-08,-0.0102
-9.72902e-08,-0.0106
-9.68902e-08,-0.0108
-9.64902e-08,-0.0105
-9.60902e-08,-0.0103
-9.56902e-08,-0.0106
-9.52902e-08,-0.0105
-9.48902e-08,-0.0105
-9.44902e-08,-0.0105
-9.40902e-08,-0.0106
-9.36902e-08,-0.0106
-9.32902e-08,-0.0105
-9.28902e-08,-0.0101
-9.24902e-08,-0.0104
-9.20902e-08,-0.0101
-9.16902e-08,-0.0099
-9.12902e-08,-0.0099
-9.08902e-08,-0.0099
-9.04902e-08,-0.0096
-9.00902e-08,-0.0096
-8.96902e-08,-0.0092
-8.92902e-08,-0.0096
-8.88902e-08,-0.0096
-8.84902e-08,-0.0092
-8.80902e-08,-0.0089
-8.76902e-08,-0.0095
-8.72902e-08,-0.0095
-8.68902e-08,-0.0095
-8.64902e-08,-0.0095
-8.60902e-08,-0.0097
-8.56902e-08,-0.0093
-8.52902e-08,-0.0097
-8.48902e-08,-0.0097
-8.44902e-08,-0.0098
-8.40902e-08,-0.0097
-8.36902e-08,-0.0099
-8.32902e-08,-0.0092
-8.28902e-08,-0.0096
-8.24902e-08,-0.0091
-8.20902e-08,-0.0093
-8.16902e-08,-0.0091
-8.12902e-08,-0.0093
-8.08902e-08,-0.009
-8.04902e-08,-0.0092
-8.00902e-08,-0.0088
-7.96902e-08,-0.0091
-7.92902e-08,-0.0086
-7.88902e-08,-0.0086
-7.84902e-08,-0.0084
-7.80902e-08,-0.0086
-7.76902e-08,-0.0082
-7.72902e-08,-0.0081
-7.68902e-08,-0.0079
-7.64902e-08,-0.0083
-7.60902e-08,-0.0085
-7.56902e-08,-0.0087
-7.52902e-08,-0.0086
-7.48902e-08,-0.0085
-7.44902e-08,-0.0083
-7.40902e-08,-0.0084
-7.36902e-08,-0.0084
-7.32902e-08,-0.0084
-7.28902e-08,-0.0082
-7.24902e-08,-0.0084
-7.20902e-08,-0.008
-7.16902e-08,-0.0082
-7.12902e-08,-0.0079
-7.08902e-08,-0.008
-7.04902e-08,-0.008
-7.00902e-08,-0.0081
-6.96902e-08,-0.008
-6.92902e-08,-0.0077
-6.88902e-08,-0.0073
-6.84902e-08,-0.0074
-6.80902e-08,-0.0076
-6.76902e-08,-0.0077
-6.72902e-08,-0.0074
-6.68902e-08,-0.0074
-6.64902e-08,-0.0069
-6.60902e-08,-0.0071
-6.56902e-08,-0.0068
-6.52902e-08,-0.0073
-6.48902e-08,-0.0072
-6.44902e-08,-0.0072
-6.40902e-08,-0.0072
-6.36902e-08,-0.0074
-6.32902e-08,-0.0071
-6.28902e-08,-0.0071
-6.24902e-08,-0.007
-6.20902e-08,-0.0072
-6.16902e-08,-0.0071
-6.12902e-08,-0.0072
-6.08902e-08,-0.0071
-6.04902e-08,-0.0073
-6.00902e-08,-0.007
-5.96902e-08,-0.0072
-5.92902e-08,-0.007
-5.88902e-08,-0.0071
-5.84902e-08,-0.0071
-5.80902e-08,-0.0071
-5.76902e-08,-0.0071
-5.72902e-08,-0.0069
-5.68902e-08,-0.0067
-5.64902e-08,-0.0066
-5.60902e-08,-0.0063
-5.56902e-08,-0.006
-5.52902e-08,-0.0061
-5.48902e-08,-0.0062
-5.44902e-08,-0.0058
-5.40902e-08,-0.0056
-5.36902e-08,-0.0058
-5.32902e-08,-0.006
-5.28902e-08,-0.0058
-5.24902e-08,-0.0059
-5.20902e-08,-0.0059
-5.16902e-08,-0.0061
-5.12902e-08,-0.0058
-5.08902e-08,-0.0059
-5.04902e-08,-0.0058
-5.00902e-08,-0.0061
-4.96902e-08,-0.0062
-4.92902e-08,-0.0062
-4.88902e-08,-0.0061
-4.84902e-08,-0.0063
-4.80902e-08,-0.0059
-4.76902e-08,-0.0058
-4.72902e-08,-0.0057
-4.68902e-08,-0.0059
-4.64902e-08,-0.0056
-4.60902e-08,-0.0055
-4.56902e-08,-0.0052
-4.52902e-08,-0.0055
-4.48902e-08,-0.0052
-4.44902e-08,-0.0051
-4.40902e-08,-0.0046
-4.36902e-08,-0.005
-4.32902e-08,-0.0047
-4.28902e-08,-0.0048
-4.24902e-08,-0.0043
-4.20902e-08,-0.0046
-4.16902e-08,-0.0045
-4.12902e-08,-0.0049
-4.08902e-08,-0.0049
-4.04902e-08,-0.005
-4.00902e-08,-0.005
-3.96902e-08,-0.0051
-3.92902e-08,-0.005
-3.88902e-08,-0.005
-3.84902e-08,-0.0046
-3.80902e-08,-0.0045
-3.76902e-08,-0.0044
-3.72902e-08,-0.0046
-3.68902e-08,-0.0045
-3.64902e-08,-0.0045
-3.60902e-08,-0.0046
-3.56902e-08,-0.0046
-3.52902e-08,-0.0043
-3.48902e-08,-0.0041
-3.44902e-08,-0.004
-3.40902e-08,-0.0042
-3.36902e-08,-0.0038
-3.32902e-08,-0.0035
-3.28902e-08,-0.0035
-3.24902e-08,-0.0037
-3.20902e-08,-0.0038
-3.16902e-08,-0.0037
-3.12902e-08,-0.0037
-3.08902e-08,-0.0037
-3.04902e-08,-0.0034
-3.00902e-08,-0.0035
-2.96902e-08,-0.0032
-2.92902e-08,-0.0037
-2.88902e-08,-0.0036
-2.84902e-08,-0.0036
-2.80902e-08,-0.0037
-2.76902e-08,-0.0038
-2.72902e-08,-0.0037
-2.68902e-08,-0.0037
-2.64902e-08,-0.0034
-2.60902e-08,-0.0035
-2.56902e-08,-0.0032
-2.52902e-08,-0.0029
-2.48902e-08,-0.0028
-2.44902e-08,-0.003
-2.40902e-08,-0.0029
-2.36902e-08,-0.0031
-2.32902e-08,-0.0028
-2.28902e-08,-0.0029
-2.24902e-08,-0.0026
-2.20902e-08,-0.0028
-2.16902e-08,-0.0022
-2.12902e-08,-0.0023
-2.08902e-08,-0.0022
-2.04902e-08,-0.0023
-2.00902e-08,-0.0022
-1.96902e-08,-0.0025
-1.92902e-08,-0.0024
-1.88902e-08,-0.0026
-1.84902e-08,-0.0027
-1.80902e-08,-0.0024
-1.76902e-08,-0.0021
-1.72902e-08,-0.0022
-1.68902e-08,-0.0019
-1.64902e-08,-0.0022
-1.60902e-08,-0.0024
-1.56902e-08,-0.0025
-1.52902e-08,-0.002
-1.48902e-08,-0.0021
-1.44902e-08,-0.0019
-1.40902e-08,-0.002
-1.36902e-08,-0.0019
-1.32902e-08,-0.002
-1.28902e-08,-0.0019
-1.24902e-08,-0.0018
-1.20902e-08,-0.0015
-1.16902e-08,-0.0016
-1.12902e-08,-0.0012
-1.08902e-08,-0.0015
-1.04902e-08,-0.0015
-1.00902e-08,-0.0016
-9.69023e-09,-0.0015
-9.29023e-09,-0.0015
-8.89023e-09,-0.0011
-8.49023e-09,-0.0012
-8.09023e-09,-0.001
-7.69023e-09,-0.0011
-7.29023e-09,-0.0009
-6.89023e-09,-0.0012
-6.49023e-09,-0.001
-6.09023e-09,-0.0011
-5.69023e-09,-0.0008
-5.29023e-09,-0.0011
-4.89023e-09,-0.0008
-4.49023e-09,-0.0009
-4.09023e-09,-0.0009
-3.69023e-09,-0.0008
-3.29023e-09,-0.0006
-2.89023e-09,-0.001
-2.49023e-09,-0.0008
-2.09023e-09,-0.0009
-1.69023e-09,-0.0006
-1.29023e-09,-0.0003
-8.9023e-10,-0.0001
-4.9023e-10,-0.0001
-9.02299e-11,-0.0003
3.0977e-10,-0.0003
7.0977e-10,-0.0001
1.10977e-09,0
1.50977e-09,0.0003
1.90977e-09,0.0005
2.30977e-09,0.0005
2.70977e-09,0.0006
3.10977e-09,0.0009
3.50977e-09,0.0006
3.90977e-09,0.0004
4.30977e-09,0.0005
4.70977e-09,0.0008
5.10977e-09,0.0005
5.50977e-09,0.0007
5.90977e-09,0.0002
6.30977e-09,0.0005
6.70977e-09,0.0003
7.10977e-09,0.0004
7.50977e-09,0.0001
7.90977e-09,0.0005
8.30977e-09,0.0006
8.70977e-09,0.0007
9.10977e-09,0.0007
9.50977e-09,0.0007
9.90977e-09,0.0007
1.03098e-08,0.0008
1.07098e-08,0.0011
1.11098e-08,0.0013
1.15098e-08,0.0014
1.19098e-08,0.0018
1.23098e-08,0.0019
1.27098e-08,0.002
1.31098e-08,0.0019
1.35098e-08,0.0021
1.39098e-08,0.002
1.43098e-08,0.002
1.47098e-08,0.0016
1.51098e-08,0.0017
1.55098e-08,0.0019
1.59098e-08,0.0019
1.63098e-08,0.0016
1.67098e-08,0.0018
1.71098e-08,0.0013
1.75098e-08,0.0013
1.79098e-08,0.0011
1.83098e-08,0.0014
1.87098e-08,0.0019
1.91098e-08,0.0019
1.95098e-08,0.0018
1.99098e-08,0.0019
2.03098e-08,0.0021
2.07098e-08,0.0024
2.11098e-08,0.0023
2.15098e-08,0.0025
2.19098e-08,0.0026
2.23098e-08,0.003
2.27098e-08,0.0025
2.31098e-08,0.0031
2.35098e-08,0.0031
2.39098e-08,0.0031
2.43098e-08,0.003
2.47098e-08,0.003
2.51098e-08,0.0032
2.55098e-08,0.0031
2.59098e-08,0.0027
2.63098e-08,0.0027
2.67098e-08,0.0026
2.71098e-08,0.0026
2.75098e-08,0.0027
2.79098e-08,0.0027
2.83098e-08,0.0028
2.87098e-08,0.0031
2.91098e-08,0.0024
2.95098e-08,0.0028
2.99098e-08,0.003
3.03098e-08,0.0032
3.07098e-08,0.0031
3.11098e-08,0.0029
3.15098e-08,0.0034
3.19098e-08,0.0038
3.23098e-08,0.0038
3.27098e-08,0.0041
3.31098e-08,0.0045
3.35098e-08,0.0045
3.39098e-08,0.0039
3.43098e-08,0.0041
3.47098e-08,0.0041
3.51098e-08,0.0046
3.55098e-08,0.0045
3.59098e-08,0.0048
3.63098e-08,0.0044
3.67098e-08,0.0044
3.71098e-08,0.0038
3.75098e-08,0.004
3.79098e-08,0.004
3.83098e-08,0.0039
3.87098e-08,0.0038
3.91098e-08,0.004
3.95098e-08,0.0038
3.99098e-08,0.0039
4.03098e-08,0.004
4.07098e-08,0.004
4.11098e-08,0.0042
4.15098e-08,0.0046
4.19098e-08,0.0043
4.23098e-08,0.0046
4.27098e-08,0.0047
4.31098e-08,0.005
4.35098e-08,0.005
4.39098e-08,0.0049
4.43098e-08,0.0051
4.47098e-08,0.0051
4.51098e-08,0.0048
4.55098e-08,0.0053
4.59098e-08,0.0052
4.63098e-08,0.0052
4.67098e-08,0.0051
4.71098e-08,0.0052
4.75098e-08,0.0051
4.79098e-08,0.0054
4.83098e-08,0.0051
4.87098e-08,0.0051
4.91098e-08,0.0052
4.95098e-08,0.0055
4.99098e-08,0.0056
5.03098e-08,0.0057
5.07098e-08,0.0058
5.11098e-08,0.0058
5.15098e-08,0.0055
5.19098e-08,0.0055
5.23098e-08,0.0059
5.27098e-08,0.0063
5.31098e-08,0.0062
5.35098e-08,0.0062
5.39098e-08,0.0062
5.43098e-08,0.0063
5.47098e-08,0.0063
5.51098e-08,0.0065
5.55098e-08,0.0065
5.59098e-08,0.0068
5.63098e-08,0.0067
5.67098e-08,0.0067
5.71098e-08,0.0065
5.75098e-08,0.0071
5.79098e-08,0.0069
5.83098e-08,0.0071
5.87098e-08,0.0069
5.91098e-08,0.007
5.95098e-08,0.0069
5.99098e-08,0.007
6.03098e-08,0.0067
6.07098e-08,0.0067
6.11098e-08,0.0065
6.15098e-08,0.0067
6.19098e-08,0.0067
6.23098e-08,0.0072
6.27098e-08,0.007
6.31098e-08,0.0073
6.35098e-08,0.0071
6.39098e-08,0.0073
6.43098e-08,0.0071
6.47098e-08,0.007
6.51098e-08,0.0069
6.55098e-08,0.0073
6.59098e-08,0.0068
6.63098e-08,0.0075
6.67098e-08,0.0075
6.71098e-08,0.0078
6.75098e-08,0.0076
6.79098e-08,0.008
6.83098e-08,0.0079
6.87098e-08,0.0083
6.91098e-08,0.0079
6.95098e-08,0.008
6.99098e-08,0.0079
7.03098e-08,0.0085
7.07098e-08,0.0085
7.11098e-08,0.0084
7.15098e-08,0.0081
7.19098e-08,0.0084
7.23098e-08,0.0081
7.27098e-08,0.0081
7.31098e-08,0.0082
7.35098e-08,0.0084
7.39098e-08,0.0081
7.43098e-08,0.0082
7.47098e-08,0.0081
7.51098e-08,0.0082
7.55098e-08,0.0084
7.59098e-08,0.0086
7.63098e-08,0.0085
7.67098e-08,0.0087
7.71098e-08,0.0087
7.75098e-08,0.0087
7.79098e-08,0.0091
7.83098e-08,0.0092
7.87098e-08,0.0091
7.91098e-08,0.0092
7.95098e-08,0.0097
7.99098e-08,0.0096
8.03098e-08,0.0098
8.07098e-08,0.0098
8.11098e-08,0.0099
8.15098e-08,0.0095
8.19098e-08,0.0094
8.23098e-08,0.0096
8.27098e-08,0.0097
8.31098e-08,0.0094
8.35098e-08,0.0093
8.39098e-08,0.0094
8.43098e-08,0.009
8.47098e-08,0.0094
8.51098e-08,0.0094
8.55098e-08,0.0096
8.59098e-08,0.0098
8.63098e-08,0.0098
8.67098e-08,0.0096
8.71098e-08,0.01
8.75098e-08,0.01
8.79098e-08,0.0101
8.83098e-08,0.01
8.87098e-08,0.0105
8.91098e-08,0.0105
8.95098e-08,0.011
8.99098e-08,0.011
9.03098e-08,0.0114
9.07098e-08,0.0111
9.11098e-08,0.0111
9.15098e-08,0.0108
9.19098e-08,0.0111
9.23098e-08,0.011
9.27098e-08,0.0109
9.31098e-08,0.0108
9.35098e-08,0.0106
9.39098e-08,0.0106
9.43098e-08,0.0106
9.47098e-08,0.0105
9.51098e-08,0.0107
9.55098e-08,0.0107
9.59098e-08,0.0111
9.63098e-08,0.0109
9.67098e-08,0.0109
9.71098e-08,0.0107
9.75098e-08,0.011
9.79098e-08,0.0112
9.83098e-08,0.0112
9.87098e-08,0.0115
9.91098e-08,0.0118
9.95098e-08,0.0118
9.99098e-08,0.0121
1.0031e-07,0.0121
1.0071e-07,0.0123
1.0111e-07,0.0124
1.0151e-07,0.0124
1.0191e-07,0.0123
1.0231e-07,0.0121
1.0271e-07,0.0122
1.0311e-07,0.0123
1.0351e-07,0.0121
1.0391e-07,0.0117
1.0431e-07,0.0115
1.0471e-07,0.0117
1.0511e-07,0.0118
1.0551e-07,0.0118
1.0591e-07,0.0113
1.0631e-07,0.0115
1.0671e-07,0.0117
1.0711e-07,0.0118
1.0751e-07,0.0118
1.0791e-07,0.0119
1.0831e-07,0.012
1.0871e-07,0.0121
1.0911e-07,0.0123
1.0951e-07,0.0128
1.0991e-07,0.0128
1.1031e-07,0.013
1.1071e-07,0.0128
1.1111e-07,0.013
1.1151e-07,0.013
1.1191e-07,0.0133
1.1231e-07,0.0134
1.1271e-07,0.013
1.1311e-07,0.0132
1.1351e-07,0.0131
1.1391e-07,0.013
1.1431e-07,0.0129
1.1471e-07,0.0129
1.1511e-07,0.013
1.1551e-07,0.013
1.1591e-07,0.0128
1.1631e-07,0.0131
1.1671e-07,0.0132
1.1711e-07,0.0134
1.1751e-07,0.0131
1.1791e-07,0.0132
1.1831e-07,0.0135
1.1871e-07,0.0137
1.1911e-07,0.0137
1.1951e-07,0.0137
1.1991e-07,0.0139
1.2031e-07,0.0142
1.2071e-07,0.0143
1.2111e-07,0.0143
1.2151e-07,0.0143
1.2191e-07,0.0144
1.2231e-07,0.0141
1.2271e-07,0.0137
1.2311e-07,0.0143
1.2351e-07,0.0145
1.2391e-07,0.014
1.2431e-07,0.0139
1.2471e-07,0.014
1.2511e-07,0.014
1.2551e-07,0.0143
1.2591e-07,0.0143
1.2631e-07,0.0142
1.2671e-07,0.0145
1.2711e-07,0.0146
1.2751e-07,0.0147
1.2791e-07,0.0148
1.2831e-07,0.0147
1.2871e-07,0.0146
1.2911e-07,0.0145
1.2951e-07,0.0148
1.2991e-07,0.0148
1.3031e-07,0.0152
1.3071e-07,0.015
1.3111e-07,0.0149
1.3151e-07,0.0149
1.3191e-07,0.0148
1.3231e-07,0.0147
1.3271e-07,0.0149
1.3311e-07,0.0148
1.3351e-07,0.0148
1.3391e-07,0.0147
1.3431e-07,0.0149
1.3471e-07,0.0153
1.3511e-07,0.0155
1.3551e-07,0.0152
1.3591e-07,0.0156
1.3631e-07,0.0156
1.3671e-07,0.0154
1.3711e-07,0.0153
1.3751e-07,0.0155
1.3791e-07,0.0155
1.3831e-07,0.0158
1.3871e-07,0.0155
1.3911e-07,0.0156
1.3951e-07,0.0158
1.3991e-07,0.0157
1.4031e-07,0.0155
1.4071e-07,0.0157
1.4111e-07,0.0159
1.4151e-07,0.0159
1.4191e-07,0.0161
1.4231e-07,0.0161
1.4271e-07,0.0159
1.4311e-07,0.0158
1.4351e-07,0.0159
1.4391e-07,0.0162
1.4431e-07,0.0162
1.4471e-07,0.0166
1.4511e-07,0.0163
1.4551e-07,0.0161
1.4591e-07,0.0164
1.4631e-07,0.0167
1.4671e-07,0.0164
1.4711e-07,0.0168
1.4751e-07,0.0167
1.4791e-07,0.0165
1.4831e-07,0.0168
1.4871e-07,0.0168
1.4911e-07,0.0165
1.4951e-07,0.0168
1.4991e-07,0.0168
1.5031e-07,0.0166
1.5071e-07,0.0167
1.5111e-07,0.0169
1.5151e-07,0.0168
1.5191e-07,0.0169
1.5231e-07,0.0169
1.5271e-07,0.0171
1.5311e-07,0.0171
1.5351e-07,0.0172
1.5391e-07,0.0168
1.5431e-07,0.0169
1.5471e-07,0.0173
1.5511e-07,0.0176
1.5551e-07,0.0174
1.5591e-07,0.0175
1.5631e-07,0.0177
1.5671e-07,0.0178
1.5711e-07,0.0176
1.5751e-07,0.0177
1.5791e-07,0.0173
1.5831e-07,0.0177
1.5871e-07,0.0178
1.5911e-07,0.0179
1.5951e-07,0.0178
1.5991e-07,0.0178
1.6031e-07,0.0179
1.6071e-07,0.0177
1.6111e-07,0.0177
1.6151e-07,0.0176
1.6191e-07,0.0177
1.6231e-07,0.0179
1.6271e-07,0.0179
1.6311e-07,0.0181
1.6351e-07,0.018
1.6391e-07,0.018
1.6431e-07,0.0178
1.6471e-07,0.018
1.6511e-07,0.0181
1.6551e-07,0.0184
1.6591e-07,0.0183
1.6631e-07,0.0187
1.6671e-07,0.0187
1.6711e-07,0.0186
1.6751e-07,0.0183
1.6791e-07,0.0187
1.6831e-07,0.0187
1.6871e-07,0.0187
1.6911e-07,0.0184
1.6951e-07,0.0188
1.6991e-07,0.0185
1.7031e-07,0.0186
1.7071e-07,0.0185
1.7111e-07,0.0187
1.7151e-07,0.0184
1.7191e-07,0.0186
1.7231e-07,0.0182
1.7271e-07,0.0184
1.7311e-07,0.0184
1.7351e-07,0.0188
1.7391e-07,0.0187
1.7431e-07,0.0189
1.7471e-07,0.0186
1.7511e-07,0.0189
1.7551e-07,0.0188
1.7591e-07,0.0193
1.7631e-07,0.0192
1.7671e-07,0.0192
1.7711e-07,0.0194
1.7751e-07,0.0197
1.7791e-07,0.0197
1.7831e-07,0.0199
1.7871e-07,0.0196
1.7911e-07,0.0196
1.7951e-07,0.0194
1.7991e-07,0.0194
1.8031e-07,0.0191
1.8071e-07,0.0195
1.8111e-07,0.0192
1.8151e-07,0.0192
1.8191e-07,0.019
1.8231e-07,0.0193
1.8271e-07,0.0196
1.8311e-07,0.0199
1.8351e-07,0.0197
1.8391e-07,0.0197
1.8431e-07,0.0197
1.8471e-07,0.02
1.8511e-07,0.0196
1.8551e-07,0.02
1.8591e-07,0.0205
1.8631e-07,0.0206
1.8671e-07,0.0203
1.8711e-07,0.0208
1.8751e-07,0.0205
1.8791e-07,0.0206
1.8831e-07,0.0207
1.8871e-07,0.0207
1.8911e-07,0.0207
1.8951e-07,0.0206
1.8991e-07,0.0199
1.9031e-07,0.0201
1.9071e-07,0.0201
1.9111e-07,0.02
1.9151e-07,0.02
1.9191e-07,0.0203
1.9231e-07,0.02
1.9271e-07,0.0203
1.9311e-07,0.0203
1.9351e-07,0.0205
1.9391e-07,0.0206
1.9431e-07,0.0207
1.9471e-07,0.0207
1.9511e-07,0.0212
1.9551e-07,0.0209
1.9591e-07,0.021
1.9631e-07,0.0211
1.9671e-07,0.0213
1.9711e-07,0.0215
1.9751e-07,0.0215
1.9791e-07,0.0211
1.9831e-07,0.0212
1.9871e-07,0.0209
1.9911e-07,0.0206
1.9951e-07,0.0205
1.9991e-07,0.0208
2.0031e-07,0.0209
2.0071e-07,0.0209
2.0111e-07,0.0209
2.0151e-07,0.0209
2.0191e-07,0.021
2.0231e-07,0.0213
2.0271e-07,0.0209
2.0311e-07,0.0213
2.0351e-07,0.0214
2.0391e-07,0.0215
2.0431e-07,0.0213
2.0471e-07,0.0215
2.0511e-07,0.0214
2.0551e-07,0.0216
2.0591e-07,0.0218
2.0631e-07,0.0222
2.0671e-07,0.0222
2.0711e-07,0.0225
2.0751e-07,0.022
2.0791e-07,0.0219
2.0831e-07,0.0216
2.0871e-07,0.0218
2.0911e-07,0.0218
2.0951e-07,0.0217
2.0991e-07,0.0215
2.1031e-07,0.0214
2.1071e-07,0.0213
2.1111e-07,0.0214
2.1151e-07,0.0216
2.1191e-07,0.0218
2.1231e-07,0.0213
2.1271e-07,0.0216
2.1311e-07,0.0217
2.1351e-07,0.0217
2.1391e-07,0.0217
2.1431e-07,0.0222
2.1471e-07,0.022
2.1511e-07,0.0222
2.1551e-07,0.0225
2.1591e-07,0.0224
2.1631e-07,0.0225
2.1671e-07,0.0229
2.1711e-07,0.0225
2.1751e-07,0.0225
2.1791e-07,0.0226
2.1831e-07,0.0225
2.1871e-07,0.0224
2.1911e-07,0.0225
2.1951e-07,0.0224
2.1991e-07,0.0224
2.2031e-07,0.0225
2.2071e-07,0.0227
2.2111e-07,0.0223
2.2151e-07,0.0226
2.2191e-07,0.0227
2.2231e-07,0.0227
2.2271e-07,0.0226
2.2311e-07,0.0224
2.2351e-07,0.0226
2.2391e-07,0.0228
2.2431e-07,0.0228
2.2471e-07,0.0231
2.2511e-07,0.0229
2.2551e-07,0.0232
2.2591e-07,0.0232
2.2631e-07,0.0232
2.2671e-07,0.0231
2.2711e-07,0.0234
2.2751e-07,0.0234
2.2791e-07,0.0233
2.2831e-07,0.0231
2.2871e-07,0.0233
2.2911e-07,0.0232
2.2951e-07,0.0232
2.2991e-07,0.0234
2.3031e-07,0.0232
2.3071e-07,0.0229
2.3111e-07,0.023
2.3151e-07,0.0228
2.3191e-07,0.0231
2.3231e-07,0.0231
2.3271e-07,0.0231
2.3311e-07,0.0231
2.3351e-07,0.0233
2.3391e-07,0.0232
2.3431e-07,0.0234
2.3471e-07,0.0232
2.3511e-07,0.0235
2.3551e-07,0.0237
2.3591e-07,0.0236
2.3631e-07,0.0238
2.3671e-07,0.0238
2.3711e-07,0.0235
2.3751e-07,0.0235
2.3791e-07,0.0231
2.3831e-07,0.0237
2.3871e-07,0.0239
2.3911e-07,0.0241
2.3951e-07,0.0238
2.3991e-07,0.0236
2.4031e-07,0.0236
2.4071e-07,0.0239
2.4111e-07,0.0237
2.4151e-07,0.0236
2.4191e-07,0.0239
2.4231e-07,0.0241
2.4271e-07,0.0242
2.4311e-07,0.0241
2.4351e-07,0.0242
2.4391e-07,0.0242
2.4431e-07,0.0238
2.4471e-07,0.024
2.4511e-07,0.0239
2.4551e-07,0.0238
2.4591e-07,0.0239
2.4631e-07,0.0238
2.4671e-07,0.024
2.4711e-07,0.0241
2.4751e-07,0.0238
2.4791e-07,0.0236
2.4831e-07,0.0241
2.4871e-07,0.0239
2.4911e-07,0.0241
2.4951e-07,0.024
2.4991e-07,0.0242
2.5031e-07,0.0241
